african_great_lakes={
	location=2688
	color={
		57 168 220 
	}
	inland=yes
	outgoing={
		name="zanzibar"
		path={
			1461 2683 1086 1024 
		}
		control={
			3351.000000 607.000000 3388.000000 610.000000 3416.000000 580.000000 
		}
	}
	outgoing={
		name="kongo"
		path={
			2687 2693 2694 1462 2723 
		}
		control={
			3299.000000 628.000000 3287.000000 595.000000 3270.000000 574.000000 3260.000000 559.000000 3231.000000 537.000000 
		}
	}
	members={
		1086 1461 1601 1602 2677 2678 2679 2680 2681 2682 2683 2684 2685 2686 2687 2688 2689 2690 2691 2692 2693 2694 2695 2696 2697 2698 2699 2700 2701 
	}
}
kongo={
	location=2721
	color={
		171 148 148 
	}
	inland=yes
	outgoing={
		name="ivory_coast"
		path={
			2714 2713 2710 2705 1688 2703 1276 993 1277 1278 
		}
		control={
			3169.000000 587.000000 3115.000000 585.000000 3058.000000 593.000000 3007.000000 554.000000 2975.000000 570.000000 2939.000000 618.000000 2930.000000 701.000000 
		}
	}
	outgoing={
		name="zambezi"
		path={
			2722 2731 2732 2730 1013 
		}
		control={
			3191.000000 456.000000 3231.000000 424.000000 3273.000000 399.000000 3310.000000 398.000000 
		}
	}
	members={
		668 992 993 1688 2601 2602 2705 2706 2707 2708 2709 2710 2711 2712 2713 2714 2715 2716 2717 2718 2719 2720 2731 2722 2724 2725 2726 2727 2721 2723 2729 2733 
	}
}
zambezi={
	location=1014
	color={
		32 164 51 
	}
	inland=yes
	outgoing={
		name="zanzibar"
		path={
			1010 1270 1269 1262 
		}
		control={
			3335.000000 383.000000 3346.000000 380.000000 3368.000000 362.000000 3450.000000 414.000000 3430.000000 515.000000 
		}
	}
	members={
		1007 1008 1011 1012 1013 1014 2603 2658 2659 2660 2661 2663 2664 2665 2666 2667 2668 2669 2670 2671 2672 2674 2728 2730 2732 
	}
}
patagonia={
	location=2523
	outgoing={
		name="laplata"
		path={
			1349 1348 
		}
		control={
			1840.000000 159.000000 1912.000000 221.000000 
		}
	}
	members={
		2523 2531 2524 2528 2529 651 652 653 654 2525 2530 2518 655 657 2517 656 2522 2526 2527 
	}
}
amazonas_node={
	location=4334
	outgoing={
		name="brazil"
		path={
			1341 1342 
		}
		control={
			1990.000000 840.000000 2087.000000 866.000000 2168.000000 834.000000 2275.000000 775.000000 
		}
	}
	outgoing={
		name="carribean_trade"
		path={
			1341 1340 1388 1334 1332 1331 1329 
		}
		control={
			1990.000000 845.000000 2072.000000 888.000000 2013.000000 940.000000 2002.000000 1048.000000 1858.000000 1053.000000 1775.000000 1062.000000 1703.000000 1066.000000 1631.000000 1102.000000 1625.000000 1140.000000 
		}
	}
	members={
		1605 1606 2563 2564 2565 2582 2583 2584 2586 2587 2588 2544 2590 2591 2466 2471 617 619 621 622 2577 2578 2580 2581 620 2589 618 2465 625 2541 2579 4196 4315 4317 4319 4320 4321 4323 4324 4325 4326 4327 4328 4329 4330 4331 4334 
	}
}
rio_grande={
	location=2199
	outgoing={
		name="mississippi_river"
		path={
			1320 
		}
		control={
			1338.000000 1333.000000 
		}
	}
	outgoing={
		name="mexico"
		path={
			1320 1321 2325 2312 4163 2326 
		}
		control={
			1321.000000 1291.000000 1309.000000 1233.000000 1298.000000 1179.000000 1262.000000 1165.000000 
		}
	}
	members={
		728 729 2198 2302 726 2298 2303 2339 2340 723 2199 2341 744 745 2195 739 742 2193 2194 746 748 2196 2197 747 749 2200 750 2338 2342 4186 4202 4204 4203 4219 4205 4206 4207 4451 4484 4485 
	}
}
california={
	location=1784
	outgoing={
		name="mexico"
		path={
			1368 1367 1366 1364 
		}
		control={
			849.000000 1492.000000 937.000000 1375.000000 1030.000000 1250.000000 1155.000000 1165.000000 
		}
	}
	outgoing={
		name="mississippi_river"
		path={
			735 2177 2181 2182 2183 1782 2189 1783 1772 2203 1774 1773 763 765 762 2214 
		}
		control={
			878.000000 1607.000000 896.000000 1634.000000 967.000000 1660.000000 1034.000000 1615.000000 1116.000000 1656.000000 1238.000000 1626.000000 1266.000000 1600.000000 1300.000000 1590.000000 1311.000000 1555.000000 1328.000000 1527.000000 1350.000000 1530.000000 1367.000000 1517.000000 1391.000000 1517.000000 1400.000000 1506.000000 1410.000000 1485.000000 1380.000000 1450.000000 
		}
	}
	outgoing={
		name="girin"
		path={
			1368 1369 1494 1496 1495 1493 1478 1479 1254 2840 1199 2841 1191 1856 4235 
		}
		control={
			850.000000 1530.000000 790.000000 1580.000000 661.000000 1606.000000 431.000000 1626.000000 193.000000 1678.000000 47.000000 1653.000000 5530.000000 1599.000000 5269.000000 1480.000000 5050.000000 1435.000000 4990.000000 1425.000000 4930.000000 1375.000000 4880.000000 1365.000000 4830.000000 1385.000000 
		}
	}
	outgoing={
		name="polynesia_node"
		path={
			1368 1497 1503 1509 1507 
		}
		control={
			840.000000 1500.000000 780.000000 1400.000000 627.000000 1287.000000 
		}
	}
	members={
		720 724 727 741 2300 730 731 2304 733 735 734 1784 2176 732 740 743 2191 2177 2178 2179 2180 736 2181 2182 2183 737 2186 2187 2188 1782 1783 2189 2190 738 2184 2185 1769 2288 2289 2290 2291 816 817 818 2294 819 1785 2293 820 821 2297 822 823 2295 2296 1611 4223 4221 4225 4208 4159 4214 4210 4211 4212 4213 4209 4224 4160 4222 725 2192 
	}
}
girin={
	location=605
	color={
		41 82 45 
	}
	outgoing={
		name="siberia"
		path={
			1924 1923 600 2833 599 893 892 895 898 2148 
		}
		control={
			4726.000000 1497.000000 4604.000000 1533.000000 4431.000000 1539.000000 4365.000000 1590.000000 
		}
	}
	outgoing={
		name="beijing"
		path={
			1858 601 4301 
		}
		control={
			4752.000000 1380.000000 4727.000000 1360.000000 4690.000000 1320.000000 
		}
	}
	outgoing={
		name="nippon"
		path={
			4235 1856 1191 1190 
		}
		control={
			4805.000000 1332.000000 4833.000000 1296.000000 4845.000000 1259.000000 
		}
	}
	members={
		1648 884 1855 1856 1922 893 1851 1853 888 1852 869 870 871 872 873 874 875 876 877 878 879 881 882 887 1586 2143 2144 2145 2150 890 891 892 605 1858 1924 2817 868 883 885 2830 2831 604 606 1854 2832 597 1857 1923 2818 599 600 2833 602 603 1921 2816 4228 4229 4230 4231 4232 4233 4234 4235 4236 4227 4237 4238 4239 4248 4306 
	}
}
ohio={
	location=2225
	color={
		129 214 238 
	}
	outgoing={
		name="chesapeake_bay"
		path={
			799 2238 2239 1776 
		}
		control={
			1522.000000 1531.000000 
		}
	}
	outgoing={
		name="st_lawrence"
		path={
			2224 797 1470 828 1469 4318 4311 
		}
		control={
			1503.000000 1559.000000 1540.000000 1585.000000 1590.000000 1610.000000 1622.000000 1627.000000 1650.000000 1645.000000 1675.000000 1665.000000 1690.000000 1672.000000 1710.000000 1685.000000 1740.000000 1715.000000 1780.000000 1730.000000 
		}
	}
	outgoing={
		name="mississippi_river"
		path={
			791 2219 
		}
		control={
			1467.000000 1510.000000 1435.000000 1500.000000 1413.000000 1485.000000 1400.000000 1460.000000 
		}
	}
	members={
		828 830 2269 2343 829 2270 2271 2344 832 842 847 1778 770 771 2216 2217 772 773 774 775 776 777 2218 2219 795 796 2220 2221 793 794 2222 2223 797 798 799 2224 802 2241 801 2225 2238 790 791 792 805 806 807 808 809 778 786 4454 4456 4463 4464 4465 4457 4473 4474 4478 4479 4482 4487 4495 4496 
	}
}
mississippi_river={
	location=4313
	outgoing={
		name="carribean_trade"
		path={
			1319 1318 1337 1336 
		}
		control={
			1376.000000 1370.000000 1494.000000 1317.000000 1541.000000 1254.000000 1607.000000 1231.000000 1650.000000 1205.000000 
		}
	}
	outgoing={
		name="chesapeake_bay"
		path={
			1319 4312 1315 
		}
		control={
			1375.000000 1375.000000 1450.000000 1350.000000 1550.000000 1380.000000 
		}
	}
	members={
		760 762 2213 2214 755 757 759 2209 2215 751 752 2206 2207 2309 753 754 756 758 761 763 2208 2345 765 766 767 769 1773 1612 1774 1775 2204 2205 764 768 2212 1319 4313 4475 4476 4480 4481 4483 4488 4489 4490 
	}
}
mexico={
	location=1363
	color={
		0 176 0 
	}
	outgoing={
		name="carribean_trade"
		path={
			1362 711 4166 1322 1323 1324 1330 
		}
		control={
			1313.000000 1105.000000 1323.000000 1142.000000 1336.000000 1183.000000 1378.000000 1226.000000 1435.000000 1236.000000 1499.000000 1202.000000 1563.000000 1197.000000 1620.000000 1170.000000 
		}
	}
	outgoing={
		name="panama"
		path={
			1362 1361 1360 
		}
		control={
			1287.000000 1087.000000 1382.000000 1072.000000 1451.000000 1020.000000 1501.000000 986.000000 1537.000000 972.000000 1562.000000 990.000000 
		}
	}
	outgoing={
		name="polynesia_node"
		path={
			1363 1511 1517 1526 1525 1509 1507 
		}
		control={
			1186.000000 983.000000 860.000000 959.000000 651.000000 1011.000000 290.000000 1001.000000 
		}
	}
	members={
		1363 719 2301 2305 2331 716 2306 2307 2308 2321 714 2311 2323 2326 715 717 2310 2312 2322 713 2325 711 712 2313 2324 2314 2317 2327 709 710 2315 2328 718 721 722 2299 2320 4171 4175 4169 4168 4167 4170 4172 4166 4164 4178 4165 4163 4153 4152 4154 4216 4155 4157 4162 4156 4161 4158 4215 4217 4218 4220 707 
	}
}
lhasa={
	location=556
	inland=yes
	outgoing={
		name="lahore"
		path={
			1877 1876 1824 417 
		}
		control={
			4149.000000 1130.000000 4060.000000 1170.000000 4020.000000 1205.000000 4000.000000 1180.000000 
		}
	}
	outgoing={
		name="chengdu"
		path={
			555 4100 4101 4102 1876 1824 418 1825 
		}
		control={
			4286.000000 1196.000000 4365.000000 1197.000000 4427.310059 1151.910034 
		}
	}
	outgoing={
		name="ganges_delta"
		path={
			555 461 460 4297 
		}
		control={
			4205.000000 1110.000000 4200.000000 1035.000000 
		}
	}
	members={
		1877 1876 555 580 581 1882 2820 556 1878 2821 461 4075 4076 457 1821 1822 4077 4079 4100 4101 4102 4103 4104 4105 4106 
	}
}
chengdu={
	location=558
	inland=yes
	outgoing={
		name="canton"
		path={
			559 2815 552 1902 1901 547 
		}
		control={
			4480.000000 1140.000000 4500.000000 1093.000000 4498.000000 1039.000000 4528.000000 1030.000000 4570.000000 1023.000000 
		}
	}
	outgoing={
		name="xian"
		path={
			1908 565 
		}
		control={
			4474.000000 1173.000000 4519.000000 1194.000000 
		}
	}
	outgoing={
		name="burma"
		path={
			2829 2415 543 1905 478 477 2992 
		}
		control={
			4416.000000 1100.000000 4374.000000 1058.000000 4350.000000 1040.000000 4303.000000 1027.000000 
		}
	}
	members={
		1880 1906 557 1883 1879 1881 542 543 1904 1905 558 559 2828 1908 1909 2827 554 1907 2415 2829 
	}
}
canton={
	location=1184
	outgoing={
		name="malacca"
		path={
			1184 1183 1182 1179 1177 1175 
		}
		control={
			4530.000000 901.000000 4510.000000 820.000000 4459.000000 750.000000 4460.000000 670.000000 
		}
	}
	outgoing={
		name="hangzhou"
		path={
			1185 
		}
		control={
			4640.000000 1012.000000 4686.000000 1065.000000 4720.000000 1127.000000 
		}
	}
	outgoing={
		name="philippines"
		path={
			1207 1208 1210 
		}
		control={
			4644.000000 947.000000 4675.000000 885.000000 4698.000000 864.000000 4713.000000 870.500000 4713.000000 880.000000 4727.000000 885.000000 
		}
	}
	members={
		1184 506 546 547 613 1639 1895 1896 1897 1898 1899 1900 1901 1902 1903 2090 544 545 552 553 2815 4408 4409 501 855 2091 
	}
}
philippines={
	location=2967
	outgoing={
		name="the_moluccas"
		path={
			1210 2966 1211 1212 
		}
		control={
			4744.000000 846.000000 4745.000000 815.000000 4752.000000 798.000000 4725.000000 785.000000 4692.000000 752.000000 4747.000000 732.000000 4773.000000 665.000000 4730.000000 612.000000 4750.479980 567.989807 
		}
	}
	outgoing={
		name="polynesia_node"
		path={
			1215 1216 1247 1486 1508 1485 
		}
		control={
			4926.000000 734.000000 5152.000000 704.000000 5459.000000 734.000000 0.000000 984.000000 
		}
	}
	members={
		1210 2370 2371 2964 536 537 2963 538 2369 2960 2961 2962 535 539 2965 540 541 2367 2957 2366 2368 2958 2959 4333 2967 
	}
	ai_will_propagate_through_trade=yes
}
polynesia_node={
	location=1502
	color={
		220 138 57 
	}
	outgoing={
		name="nippon"
		path={
			1482 1481 1252 1204 1203 
		}
		control={
			10.000000 1113.000000 5518.000000 1163.000000 5298.000000 1212.000000 4900.000000 1180.000000 4875.000000 1185.000000 4865.000000 1205.000000 4848.000000 1211.500000 
		}
	}
	outgoing={
		name="australia"
		path={
			1545 1542 1536 1244 1236 1238 1237 
		}
		control={
			50.000000 559.000000 5388.000000 142.000000 
		}
	}
	outgoing={
		name="panama"
		path={
			1507 1509 1546 1550 1521 1518 1512 1358 1359 1360 
		}
		control={
			825.000000 773.000000 1190.000000 786.000000 1361.000000 765.000000 1437.000000 818.000000 1508.000000 921.000000 1560.000000 970.000000 
		}
	}
	members={
		936 937 938 939 1056 1057 1059 1060 1061 1062 1063 1065 1760 1761 1762 1763 1764 2404 2405 2406 1502 4444 4445 4446 4447 4448 
	}
	ai_will_propagate_through_trade=yes
}
australia={
	location=1224
	outgoing={
		name="the_moluccas"
		path={
			1220 1223 1222 1214 
		}
		control={
			5196.000000 344.000000 5122.000000 453.000000 4963.000000 500.000000 4902.000000 544.000000 4800.000000 542.000000 
		}
	}
	members={
		916 917 918 919 920 921 922 923 924 1593 1594 925 915 1225 2394 2395 2396 2397 2398 2399 2400 2401 2402 2403 1224 4423 4424 4425 4426 4427 4428 4429 4430 4431 4432 4433 4434 4435 4436 4437 4438 4439 4440 4441 4442 4443 4449 
	}
}
nippon={
	location=1189
	outgoing={
		name="hangzhou"
		path={
			1202 
		}
		control={
			4801.000000 1197.000000 4760.000000 1154.000000 
		}
	}
	members={
		1189 852 853 856 857 858 859 861 862 863 864 865 866 867 1620 1621 1622 1625 1630 1632 1634 1636 1638 1641 1645 1650 2753 2798 2799 2800 2801 2802 2803 2804 2805 2806 2807 2808 2809 2810 854 2968 2969 4226 1643 2411 2846 607 2409 2410 608 610 2845 609 611 2363 2412 2842 612 2408 2843 2844 
	}
}
hangzhou={
	location=1186
	outgoing={
		name="xian"
		path={
			4300 564 
		}
		control={
			4655.000000 1200.000000 4599.000000 1195.000000 4573.000000 1192.000000 4537.000000 1199.000000 
		}
	}
	outgoing={
		name="beijing"
		path={
			1187 1188 
		}
		control={
			4700.000000 1180.000000 4743.000000 1243.000000 4715.000000 1289.000000 4689.000000 1298.000000 
		}
	}
	outgoing={
		name="malacca"
		path={
			1205 1206 1208 1180 1176 4308 
		}
		control={
			4735.000000 1133.000000 4723.000000 1053.000000 4669.000000 934.000000 4651.000000 849.000000 4583.000000 774.000000 4518.000000 688.000000 4470.000000 650.000000 
		}
	}
	members={
		548 549 562 563 1624 1629 1633 1637 1685 1887 1888 1889 1890 1891 1892 1893 1894 550 551 560 561 564 1910 1911 1912 2813 1186 
	}
}
xian={
	location=575
	inland=yes
	outgoing={
		name="beijing"
		path={
			1635 4300 
		}
		control={
			4532.000000 1227.000000 4550.000000 1235.000000 4592.540039 1233.510010 4615.000000 1257.000000 4638.000000 1280.000000 4671.000000 1300.000000 
		}
	}
	outgoing={
		name="yumen"
		path={
			1917 574 1918 583 
		}
		control={
			4503.000000 1223.000000 4476.000000 1256.000000 4436.000000 1282.000000 
		}
	}
	members={
		1917 1916 573 574 1919 565 575 1915 2814 576 584 1927 2838 4250 577 1862 2414 4244 4245 
	}
}
beijing={
	location=2847
	outgoing={
		name="yumen"
		path={
			1618 1884 572 577 2838 584 4250 583 
		}
		control={
			4642.000000 1310.000000 4583.000000 1333.000000 4520.000000 1311.000000 4429.000000 1321.000000 
		}
	}
	members={
		566 567 1885 1886 578 1618 1884 2811 571 2812 579 601 1860 1861 569 570 572 1913 1914 2847 568 1635 1859 1863 2819 4246 4249 
	}
}
the_moluccas={
	location=1170
	outgoing={
		name="malacca"
		path={
			1171 1173 
		}
		control={
			4669.000000 540.000000 4548.000000 575.000000 4489.000000 622.000000 
		}
	}
	members={
		530 2356 2357 2358 2359 2387 2393 1170 1064 531 529 2386 532 533 534 2365 2364 519 517 518 527 2382 2383 526 2384 525 2385 516 514 2360 515 2362 2361 513 512 528 2392 1058 2388 2389 2390 2391 1592 4398 4399 4400 4422 
	}
	ai_will_propagate_through_trade=yes
}
gulf_of_siam={
	location=4298
	color={
		84 152 93 
	}
	outgoing={
		name="malacca"
		path={
			1178 1177 1175 
		}
		control={
			4380.000000 820.000000 4403.000000 767.000000 4431.000000 709.000000 4440.000000 675.000000 
		}
	}
	members={
		486 492 493 494 495 496 497 500 498 499 502 503 504 505 1619 1623 1642 860 2089 2092 2093 2094 2095 2096 2097 2098 2099 2100 2101 2102 2103 485 2115 1178 484 2104 4298 4410 4411 4412 4413 4414 4415 4416 4417 4418 4419 
	}
}
malacca={
	location=1174
	outgoing={
		name="ganges_delta"
		path={
			1161 1160 1159 1157 
		}
		control={
			4329.000000 740.000000 4311.000000 813.000000 4268.000000 878.000000 4242.000000 943.000000 
		}
	}
	outgoing={
		name="cape_of_good_hope"
		path={
			1173 1165 1436 1435 1433 1459 1268 1442 1441 1438 1272 
		}
		control={
			4430.000000 623.000000 4470.000000 580.000000 4420.000000 540.000000 4281.000000 536.000000 4159.000000 494.000000 3997.000000 488.000000 3715.000000 280.000000 3450.000000 72.000000 3234.000000 10.000000 
		}
	}
	members={
		487 488 489 490 491 507 508 509 510 511 520 521 522 523 524 1174 2105 2106 2346 2347 2348 2349 2350 2351 2352 2353 2354 2355 2372 2373 2374 2375 2376 2377 2378 2379 2380 2381 2407 469 1765 4308 4401 4404 4405 4406 4407 4450 
	}
	ai_will_propagate_through_trade=yes
}
siberia={
	location=899
	outgoing={
		name="kazan"
		path={
			4293 4294 2146 2149 391 2876 
		}
		control={
			4160.209961 1705.000000 4100.209961 1702.000000 4060.209717 1715.000000 4010.209717 1720.000000 3900.000000 1750.000000 3850.000000 1700.000000 3825.000000 1632.000000 3750.000000 1600.000000 3654.000000 1634.000000 
		}
	}
	outgoing={
		name="samarkand"
		path={
			900 901 4258 1866 383 1874 2084 379 2083 
		}
		control={
			4161.000000 1597.000000 4058.000000 1443.000000 3976.000000 1372.000000 3892.000000 1348.000000 
		}
	}
	outgoing={
		name="white_sea"
		path={
			4293 4292 4291 4290 1076 
		}
		control={
			4160.000000 1705.000000 4100.000000 1705.000000 4040.000000 1740.000000 4027.000000 1800.000000 3950.000000 1880.000000 3900.000000 1960.000000 3800.000000 2000.000000 3660.000000 1960.000000 3550.000000 1930.000000 3500.000000 1900.000000 
		}
	}
	members={
		1585 1584 395 889 894 896 897 898 899 902 903 905 396 904 911 909 906 907 2078 2087 2134 2135 2136 2137 2138 2139 2141 2142 2147 2148 1583 880 2140 886 2146 2075 591 900 901 895 4253 4260 4261 4262 4263 4264 4265 4291 4292 4293 4294 
	}
}
yumen={
	location=582
	inland=yes
	outgoing={
		name="samarkand"
		path={
			1871 1928 1869 587 2825 1872 2826 1875 380 1748 
		}
		control={
			4257.000000 1318.000000 4120.000000 1325.000000 4047.000000 1300.000000 3994.000000 1290.000000 3932.000000 1308.000000 3893.000000 1304.000000 3863.000000 1312.000000 
		}
	}
	members={
		585 1589 582 583 586 589 594 1587 1866 1867 1871 1925 1926 1930 1918 1920 1870 2822 2823 592 596 1864 2834 2835 595 1929 2836 588 590 1868 2824 593 1865 2837 587 1869 1928 4247 4240 4241 598 4243 4242 4255 4257 4256 4252 4251 4254 4258 4266 
	}
}
burma={
	location=479
	color={
		35 229 76 
	}
	outgoing={
		name="ganges_delta"
		path={
			2111 2993 1158 1157 
		}
		control={
			4284.500000 989.000000 4291.000000 968.000000 4292.000000 951.000000 4295.000000 920.000000 4277.000000 895.000000 4254.000000 947.000000 
		}
	}
	members={
		465 468 1801 479 2111 476 2110 475 2992 2109 462 466 1800 4044 2993 480 2994 478 483 2112 2995 3003 482 2113 2996 477 2107 2108 3001 3002 1840 4073 463 474 481 1802 2114 
	}
}
ganges_delta={
	location=1156
	outgoing={
		name="comorin_cape"
		path={
			1155 1154 
		}
		control={
			4126.000000 928.000000 4075.000000 875.000000 4045.000000 785.000000 
		}
	}
	outgoing={
		name="doab"
		path={
			4296 456 4087 1814 
		}
		control={
			4185.000000 1025.000000 4180.000000 1065.000000 4106.000000 1065.000000 4076.000000 1067.000000 4056.000000 1086.000000 
		}
	}
	members={
		1156 454 1832 4051 4055 4056 449 1803 4049 4050 4052 1831 1804 4045 459 1845 4054 4071 4072 4070 451 1830 
	}
}
doab={
	location=432
	color={
		236 162 19 
	}
	outgoing={
		name="deccan"
		path={
			433 458 4060 1808 4061 435 447 446 
		}
		control={
			4014.000000 1082.000000 4030.000000 1062.000000 4018.000000 1024.000000 3998.000000 1002.000000 3987.000000 966.000000 
		}
	}
	outgoing={
		name="lahore"
		path={
			1813 4021 
		}
		control={
			4021.000000 1115.000000 4009.000000 1144.000000 3981.000000 1151.000000 
		}
	}
	members={
		430 1811 1813 1812 4089 4090 427 428 1815 4091 431 1843 4085 4086 4088 1844 432 456 1814 4087 433 436 615 4065 4066 458 1810 4060 4067 4068 1846 1847 4069 4082 4083 455 418 420 1820 4084 460 4078 4080 4081 
	}
}
lahore={
	location=416
	color={
		63 103 30 
	}
	inland=yes
	outgoing={
		name="samarkand"
		path={
			1826 4098 1827 473 1960 373 372 2952 375 
		}
		control={
			3920.000000 1208.000000 3870.000000 1216.500000 3882.000000 1228.000000 3877.000000 1252.000000 3840.000000 1260.000000 3831.000000 1274.000000 
		}
	}
	outgoing={
		name="persia"
		path={
			1826 4098 1827 473 373 372 1962 368 2934 1955 2935 1969 350 1948 
		}
		control={
			3920.000000 1208.000000 3868.000000 1214.000000 3830.000000 1214.000000 3770.000000 1211.000000 3768.000000 1238.000000 3746.000000 1241.000000 3730.000000 1252.000000 3695.000000 1250.000000 3660.000000 1230.000000 
		}
	}
	outgoing={
		name="gujarat"
		path={
			4099 415 1836 4295 
		}
		control={
			3921.000000 1136.000000 3890.000000 1100.000000 3875.000000 1050.000000 
		}
	}
	members={
		1588 1590 1935 417 1823 1824 4053 4107 416 1825 1826 4097 4099 1827 1828 4098 419 1816 4021 4064 370 373 374 473 1960 369 371 1959 372 1961 1962 
	}
}
deccan={
	location=1731
	color={
		241 13 61 
	}
	inland=yes
	outgoing={
		name="gujarat"
		path={
			4039 1796 1838 1151 
		}
		control={
			3964.000000 943.000000 3919.000000 945.000000 
		}
	}
	outgoing={
		name="comorin_cape"
		path={
			1797 4033 444 4027 1793 4024 1835 
		}
		control={
			4009.000000 916.000000 4000.000000 889.000000 4009.000000 873.000000 4019.000000 855.000000 4024.000000 826.000000 4045.000000 813.000000 4030.000000 780.000000 
		}
	}
	members={
		434 1808 1842 4062 452 453 1841 4059 4061 439 1795 4033 1790 4042 4048 435 4038 4057 464 1731 1797 4039 448 450 1805 4046 4047 1729 1796 4035 446 447 4036 4037 4041 
	}
}
comorin_cape={
	location=1153
	color={
		13 255 179 
	}
	outgoing={
		name="gulf_of_aden"
		path={
			1427 1264 2955 
		}
		control={
			3866.000000 794.500000 3715.000000 850.000000 
		}
	}
	outgoing={
		name="gujarat"
		path={
			1152 1151 
		}
		control={
			3952.000000 822.000000 3895.000000 915.000000 
		}
	}
	outgoing={
		name="cape_of_good_hope"
		path={
			1431 1433 1432 1268 1442 1441 1438 1272 
		}
		control={
			4004.000000 736.000000 3900.000000 556.000000 3712.000000 315.000000 3414.000000 88.000000 3217.000000 36.000000 
		}
	}
	members={
		1153 1833 4025 1730 1789 441 1850 4022 1849 467 1848 443 1835 4024 440 1793 4026 4027 4031 444 1732 1839 4028 4029 442 4020 4023 1791 1792 1794 4032 1834 4030 445 1799 4040 4043 
	}
}
gujarat={
	location=1150
	color={
		135 104 85 
	}
	outgoing={
		name="gulf_of_aden"
		path={
			1149 1146 2955 
		}
		control={
			3809.000000 1011.000000 3760.000000 967.000000 3677.000000 901.000000 
		}
	}
	outgoing={
		name="hormuz"
		path={
			1149 1145 
		}
		control={
			3799.000000 1035.000000 
		}
	}
	outgoing={
		name="zanzibar"
		path={
			1265 1264 1266 1260 
		}
		control={
			3839.000000 977.000000 3819.000000 933.000000 3700.000000 780.000000 3699.000000 669.000000 
		}
	}
	members={
		426 1809 1837 4092 4063 421 4093 4095 1817 422 423 1818 4094 437 438 1838 4034 424 429 4058 1798 414 1806 4074 425 1150 1807 1836 415 4096 1829 1819 472 471 1965 
	}
}
katsina={
	location=972
	color={
		215 56 56 
	}
	inland=yes
	outgoing={
		name="timbuktu"
		path={
			971 2008 966 1998 957 1992 
		}
		control={
			2905.000000 868.000000 2880.000000 857.000000 2855.000000 845.000000 2810.000000 904.000000 2795.000000 922.000000 
		}
	}
	outgoing={
		name="tunis"
		path={
			2009 979 2007 2175 2174 2151 4149 2155 289 4267 288 2156 4148 
		}
		control={
			2931.000000 880.000000 2998.000000 950.000000 3016.000000 1000.000000 3023.000000 1066.000000 2982.000000 1175.000000 2955.000000 1206.000000 2950.000000 1245.000000 
		}
	}
	outgoing={
		name="ethiopia"
		path={
			978 2010 2013 980 2017 982 2585 647 1040 2464 1042 2462 1043 2657 
		}
		control={
			3011.000000 843.000000 3129.000000 858.000000 3245.860596 862.010010 3315.000000 898.000000 3333.000000 880.000000 3331.300049 866.299805 3355.000000 858.000000 
		}
	}
	members={
		969 976 973 977 978 979 980 981 983 984 1067 972 971 2003 2002 2004 2005 2006 2007 2008 2009 2010 2011 2012 2013 2014 2015 2016 2017 2018 2022 2175 982 
	}
}
ethiopia={
	location=2439
	inland=yes
	outgoing={
		name="alexandria"
		path={
			2657 1046 2459 1041 1049 2047 1055 1052 2928 294 4269 
		}
		control={
			3364.000000 900.000000 3350.000000 925.000000 3337.000000 935.000000 3325.000000 965.000000 3290.000000 941.000000 3282.000000 985.000000 3315.000000 1025.000000 3318.000000 1074.000000 3307.000000 1075.500000 3294.000000 1093.000000 3287.000000 1100.000000 3287.000000 1125.000000 
		}
	}
	outgoing={
		name="gulf_of_aden"
		path={
			1045 1035 2455 1032 2440 1033 1143 
		}
		control={
			3454.000000 793.000000 3486.000000 822.000000 3550.000000 840.000000 
		}
	}
	members={
		647 1038 1039 1043 1049 2423 2424 2425 2426 2427 2428 2429 2430 2439 2455 2443 2459 2436 2437 2444 1045 1034 1044 1035 1037 1042 2462 2463 2464 1050 1046 1047 1041 1028 1029 1031 2460 2461 1040 2585 2657 2777 1048 2438 2433 1032 2451 
	}
}
gulf_of_aden={
	location=1144
	outgoing={
		name="zanzibar"
		path={
			2955 1259 1260 
		}
		control={
			3625.000000 835.000000 3602.000000 764.000000 3521.500000 652.000000 
		}
	}
	outgoing={
		name="alexandria"
		path={
			1143 2942 1142 1141 
		}
		control={
			3510.000000 841.000000 3450.000000 900.000000 3333.000000 1100.000000 3314.000000 1135.000000 
		}
	}
	outgoing={
		name="hormuz"
		path={
			2955 1146 1145 
		}
		control={
			3663.000000 915.000000 3763.000000 1013.000000 
		}
	}
	members={
		2049 2447 2450 2452 2453 2454 2457 2458 1787 1026 1027 1030 1033 1036 1051 2432 2440 2456 2448 2431 1053 1144 1582 2435 328 2065 329 930 2895 317 2069 2890 320 2067 2892 318 2068 2891 316 321 2893 319 2066 2894 1141 1142 1143 2942 2955 2434 2441 2445 2446 2449 
	}
}
hormuz={
	location=1147
	outgoing={
		name="basra"
		path={
			1148 
		}
		control={
			3687.000000 1082.000000 3650.000000 1073.000000 
		}
	}
	members={
		325 331 355 1954 1968 2954 357 470 1966 1967 353 1953 1957 2941 1952 2938 2939 2940 330 2896 2898 326 327 2897 354 2936 1145 1147 1148 2956 4287 
	}
}
zanzibar={
	location=1261
	color={
		130 17 17 
	}
	outgoing={
		name="cape_of_good_hope"
		path={
			1262 1269 1270 1271 1272 
		}
		control={
			3492.000000 449.000000 3452.000000 374.500000 3388.000000 270.000000 3347.500000 175.000000 3233.000000 73.500000 
		}
	}
	members={
		1261 658 931 932 933 1009 1015 1016 1017 1018 1019 1020 1021 1022 1023 1024 1025 1595 2646 2647 2648 2649 2650 2651 2652 2653 2654 2655 2656 2673 1010 1270 1712 2442 2604 2605 2662 2675 2676 
	}
}
cape_of_good_hope={
	location=1273
	outgoing={
		name="ivory_coast"
		path={
			1274 1275 1276 1277 1278 
		}
		control={
			3032.500000 172.000000 2973.000000 355.000000 2999.000000 503.500000 2933.000000 610.000000 2916.500000 697.500000 
		}
	}
	members={
		1273 659 702 998 999 1000 1001 1002 1003 1004 1005 996 1603 2513 2519 2535 1006 4507 4508 4509 4510 
	}
}
basra={
	location=4270
	outgoing={
		name="aleppo"
		path={
			333 2040 334 
		}
		control={
			3530.000000 1160.000000 3487.000000 1204.000000 3448.000000 1222.000000 3423.000000 1245.000000 
		}
	}
	outgoing={
		name="persia"
		path={
			2899 336 337 1949 349 
		}
		control={
			3562.000000 1175.000000 3545.000000 1205.000000 3575.000000 1225.000000 
		}
	}
	members={
		1951 2899 2900 2951 324 2064 2070 323 2062 2883 322 2061 2884 2885 2059 2060 2063 2886 333 2038 2901 338 2903 2904 2058 2887 335 2037 2040 4270 4285 4286 
	}
}
samarkand={
	location=376
	outgoing={
		name="persia"
		path={
			375 366 2072 4279 4278 
		}
		control={
			3822.000000 1307.000000 3802.000000 1300.000000 3781.000000 1265.000000 3750.000000 1245.000000 3730.000000 1252.500000 3695.000000 1250.000000 3660.000000 1230.000000 
		}
	}
	outgoing={
		name="caspian_sea"
		path={
			364 363 4279 4278 
		}
		control={
			3822.000000 1307.000000 3805.000000 1305.000000 3787.000000 1293.000000 3774.000000 1316.000000 3760.000000 1326.000000 3735.000000 1350.000000 3710.000000 1350.000000 3700.000000 1320.000000 3680.000000 1319.000000 3635.000000 1311.000000 
		}
	}
	members={
		363 364 366 367 375 376 377 378 379 381 392 393 1748 1750 1751 383 394 1874 2083 2077 2084 2086 2076 2081 2082 2079 2080 380 1873 382 2072 360 614 1872 1875 2825 2826 1749 2953 2952 4259 1140 4279 
	}
}
persia={
	location=351
	color={
		204 119 31 
	}
	inland=yes
	outgoing={
		name="aleppo"
		path={
			4278 1937 1940 342 2912 2034 2905 2902 334 
		}
		control={
			3550.000000 1275.000000 3518.000000 1302.000000 3495.000000 1325.000000 3460.000000 1300.000000 3444.000000 1282.000000 3400.000000 1285.000000 
		}
	}
	outgoing={
		name="caspian_sea"
		path={
			1949 340 4278 
		}
		control={
			3580.000000 1265.000000 3600.000000 1317.000000 
		}
	}
	members={
		358 1958 1963 1964 359 2943 2945 368 2933 2934 1955 1969 1970 2935 350 351 1947 1950 2946 352 356 1956 2944 2790 342 1940 2912 339 1941 1942 2914 1946 1949 2910 2947 336 337 1943 1944 1945 2795 2789 2791 2797 
	}
}
caspian_sea={
	location=1139
	color={
		100 190 80 
	}
	outgoing={
		name="kazan"
		path={
			1139 4280 2878 
		}
		control={
			3550.000000 1470.000000 3540.000000 1540.000000 3570.000000 1579.000000 
		}
	}
	outgoing={
		name="crimea"
		path={
			4277 
		}
		control={
			3545.000000 1400.000000 3500.000000 1427.000000 3480.000000 1441.000000 3460.000000 1445.000000 3435.000000 1462.000000 
		}
	}
	members={
		348 1934 2916 346 1938 2911 344 2909 2915 343 347 1937 2949 340 349 1948 2948 2950 388 389 2073 2074 2085 361 362 365 2088 1139 4278 4281 
	}
}
aleppo={
	location=307
	color={
		202 150 172 
	}
	outgoing={
		name="constantinople"
		path={
			2039 1130 1716 1132 
		}
		control={
			3308.000000 1243.000000 3264.000000 1230.000000 3237.000000 1245.000000 3203.000000 1286.000000 3203.000000 1315.000000 3216.000000 1323.500000 3227.000000 1333.000000 
		}
	}
	outgoing={
		name="alexandria"
		path={
			2039 1130 1129 
		}
		control={
			3353.000000 1241.000000 3330.000000 1180.000000 3305.000000 1155.000000 
		}
	}
	members={
		341 2034 2035 2905 2906 307 1647 2039 2908 308 312 1653 2907 334 2902 269 2031 2036 2920 332 2881 2882 258 264 2030 260 261 2029 2917 
	}
}
tunis={
	location=278
	color={
		146 134 57 
	}
	outgoing={
		name="sevilla"
		path={
			1115 1114 1107 
		}
		control={
			2950.000000 1280.000000 2900.000000 1280.000000 2840.000000 1280.000000 2777.000000 1247.500000 
		}
	}
	outgoing={
		name="gulf_of_lion"
		path={
			1115 1113 
		}
		control={
			2960.000000 1280.000000 2900.000000 1317.500000 
		}
	}
	outgoing={
		name="genua"
		path={
			1302 1300 1297 
		}
		control={
			2995.000000 1320.000000 2960.000000 1376.500000 2965.000000 1391.000000 
		}
	}
	members={
		291 276 277 278 287 288 289 290 1673 2151 2152 2153 2154 2155 2156 2157 2158 2159 2160 2173 2174 4148 4149 
	}
}
alexandria={
	location=295
	color={
		200 200 102 
	}
	outgoing={
		name="constantinople"
		path={
			1129 1128 1716 1132 
		}
		control={
			3272.000000 1172.000000 3275.000000 1197.000000 3266.000000 1216.000000 3236.000000 1243.000000 3203.000000 1286.000000 3203.000000 1315.000000 3216.000000 1323.500000 3227.000000 1333.000000 
		}
	}
	outgoing={
		name="venice"
		path={
			1315 1318 145 1773 144 143 1310 1309 1308 
		}
		control={
			3253.000000 1183.000000 3216.000000 1220.000000 3160.000000 1229.000000 3130.000000 1251.000000 3108.000000 1291.000000 3100.000000 1332.000000 3070.000000 1356.000000 3030.000000 1398.000000 2990.000000 1413.000000 2965.000000 1420.000000 
		}
	}
	outgoing={
		name="genua"
		path={
			1129 1128 1127 1125 1120 1117 1116 1111 
		}
		control={
			3253.000000 1183.000000 3216.000000 1220.000000 3160.000000 1229.000000 3100.000000 1251.000000 3055.000000 1269.000000 3043.000000 1303.000000 3000.000000 1340.000000 2960.000000 1378.000000 2965.000000 1391.000000 
		}
	}
	members={
		1055 2047 2048 296 309 1652 314 2054 2055 313 2053 2879 2880 315 2056 2057 2888 2889 310 311 2052 297 2045 2046 1054 2043 2932 295 2926 2042 2927 294 1052 2044 2928 2929 292 293 2050 2051 2930 2931 4282 4283 4284 4268 4269 
	}
}
crimea={
	location=1136
	color={
		59 158 125 
	}
	outgoing={
		name="kiev"
		path={
			227 1727 
		}
		control={
			3358.000000 1460.000000 3353.000000 1482.000000 3337.000000 1489.000000 3328.000000 1498.000000 3305.000000 1505.000000 
		}
	}
	outgoing={
		name="constantinople"
		path={
			1135 1134 
		}
		control={
			3314.000000 1435.000000 3278.000000 1379.500000 
		}
	}
	outgoing={
		name="pest"
		path={
			1135 4271 4116 109 1737 108 
		}
		control={
			3300.000000 1440.000000 3241.000000 1424.000000 3208.000000 1397.000000 3175.000000 1397.000000 3157.500000 1406.500000 3163.000000 1414.000000 3155.000000 1418.000000 3126.000000 1417.500000 3123.000000 1425.000000 3104.000000 1432.000000 3101.000000 1466.000000 
		}
	}
	members={
		1136 1135 384 1654 385 1936 1931 1933 226 2117 2124 2121 227 2122 2123 267 268 2033 345 212 2116 1932 1939 2913 4114 4115 228 239 386 387 1137 2120 2126 4277 
	}
}
constantinople={
	location=1133
	color={
		126 203 120 
	}
	outgoing={
		name="ragusa"
		path={
			104 1568 2417 1569 2643 1570 91 
		}
		control={
			3211.000000 1365.000000 3173.000000 1364.000000 3142.000000 1365.000000 3115.000000 1375.000000 
		}
	}
	members={
		1133 104 1568 262 265 2027 2032 103 112 1569 2413 2417 266 1644 2028 2924 2925 253 254 2024 259 1646 2918 2921 255 256 2025 2026 2919 263 2922 2923 117 257 1132 2071 2645 1563 4302 4345 4347 4348 113 114 2641 4116 
	}
}
kiev={
	location=224
	color={
		133 53 88 
	}
	inland=yes
	outgoing={
		name="novgorod"
		path={
			2738 232 2859 233 2858 2864 
		}
		control={
			3285.000000 1558.000000 3276.000000 1578.000000 3290.000000 1613.000000 3350.000000 1625.000000 
		}
	}
	outgoing={
		name="krakow"
		path={
			1725 4122 2613 223 4121 204 203 
		}
		control={
			3221.000000 1531.000000 3171.000000 1539.000000 
		}
	}
	members={
		223 225 1720 1726 2613 221 222 1724 231 238 2119 233 237 2857 2858 236 240 2739 224 1725 1727 2860 229 230 1728 2118 232 644 2859 220 2738 2855 4121 4120 4128 4127 4123 4122 4125 4126 213 
	}
}
kazan={
	location=913
	outgoing={
		name="novgorod"
		path={
			2130 246 1561 1739 2866 
		}
		control={
			3474.000000 1641.000000 3420.000000 1650.000000 
		}
	}
	members={
		246 910 914 1740 2129 2876 2878 391 1746 1747 2128 2149 912 2131 913 2130 2875 245 1753 2877 242 243 244 390 2125 2127 1752 1743 
	}
}
novgorod={
	location=235
	color={
		200 175 100 
	}
	outgoing={
		name="baltic_sea"
		path={
			234 1742 2871 4276 1071 
		}
		control={
			3365.000000 1675.000000 3280.000000 1710.000000 3225.000000 1700.000000 3180.000000 1705.000000 
		}
	}
	members={
		249 1742 2416 2871 234 1559 2856 2861 2862 241 1581 2868 235 2864 2865 247 2766 2866 248 1560 2740 2863 1561 1739 2867 250 2872 
	}
}
cuiaba={
	location=670
	outgoing={
		name="laplata"
		path={
			2537 4336 4335 
		}
		control={
			1900.000000 600.000000 1913.000000 558.000000 1900.000000 520.000000 1900.000000 456.000000 1870.000000 380.000000 1880.000000 301.000000 
		}
	}
	outgoing={
		name="lima"
		path={
			673 2493 2490 678 680 
		}
		control={
			1770.000000 628.000000 1670.000000 682.000000 
		}
	}
	outgoing={
		name="amazonas_node"
		path={
			2492 4332 4329 
		}
		control={
			1832.000000 658.000000 1800.000000 672.000000 1785.000000 695.000000 1795.000000 715.000000 1810.000000 730.000000 1890.000000 810.000000 1930.000000 835.000000 
		}
	}
	members={
		670 2556 2555 671 2495 2494 2498 664 2595 667 2594 2593 2599 665 663 2554 666 2500 2499 2497 662 661 2501 2496 672 674 2491 2600 673 2492 2493 669 2502 2537 2538 2543 2557 2558 2559 660 2511 2533 4332 
	}
}
laplata={
	location=1348
	outgoing={
		name="brazil"
		path={
			1347 1346 1345 1344 
		}
		control={
			2001.000000 329.000000 2074.000000 414.000000 2144.000000 481.000000 2213.000000 579.000000 
		}
	}
	members={
		645 646 650 1348 926 1788 2503 2504 2505 2506 2507 2508 2509 2510 2512 2514 2515 2516 2520 2521 2532 2534 2539 2542 648 4335 
	}
}
lima={
	location=679
	outgoing={
		name="panama"
		path={
			1357 1358 1359 1360 
		}
		control={
			1528.000000 687.000000 1486.000000 807.000000 1521.000000 913.000000 1570.000000 972.000000 
		}
	}
	members={
		682 1768 2481 2482 2486 686 687 689 690 2480 685 688 691 2483 2597 2598 683 2484 2485 2596 679 680 681 684 2487 677 678 2489 2490 675 676 2488 
	}
}
brazil={
	location=1343
	outgoing={
		name="ivory_coast"
		path={
			1408 1409 1398 1397 
		}
		control={
			2333.000000 600.000000 2480.000000 657.000000 2624.000000 550.000000 2788.000000 549.000000 
		}
	}
	members={
		1343 623 624 626 627 628 629 630 631 632 633 634 635 636 637 638 639 641 642 2536 2540 2545 2546 2547 2548 2549 2550 2551 2552 2553 2560 2561 2562 2566 2567 2568 2569 2570 2571 2572 2573 2574 2575 2576 649 
	}
}
timbuktu={
	location=956
	inland=yes
	outgoing={
		name="safi"
		path={
			953 952 951 2168 2166 4150 
		}
		control={
			2757.000000 962.000000 2731.000000 1075.000000 2706.000000 1124.000000 2710.000000 1160.000000 
		}
	}
	outgoing={
		name="ivory_coast"
		path={
			1989 1991 958 959 1983 1985 
		}
		control={
			2746.000000 895.000000 2752.000000 857.000000 2762.000000 835.000000 2763.500000 795.000000 2774.000000 785.000000 2789.000000 788.000000 2797.000000 780.000000 2808.000000 769.000000 2806.000000 754.000000 2810.000000 745.000000 2800.000000 735.000000 
		}
	}
	members={
		946 949 959 961 1995 1996 960 1987 1997 1983 1984 1985 1978 945 948 947 955 956 958 957 966 1977 1979 1980 1981 1989 1990 1991 1992 1993 1994 1998 1999 2000 951 952 953 954 2001 967 2021 2023 
	}
}
ivory_coast={
	location=1279
	outgoing={
		name="carribean_trade"
		path={
			1280 1281 1396 1389 1388 1334 1332 1331 1329 
		}
		control={
			2696.000000 657.000000 2431.000000 777.000000 2279.000000 894.000000 2168.000000 924.000000 2010.000000 1050.000000 1858.000000 1053.000000 1775.000000 1062.000000 1703.000000 1066.000000 1631.000000 1102.000000 1625.000000 1140.000000 
		}
	}
	outgoing={
		name="bordeaux"
		path={
			1280 1281 1282 1283 1291 1378 1104 1103 1091 
		}
		control={
			2693.000000 675.000000 2498.000000 819.000000 2482.000000 1053.000000 2488.000000 1226.000000 2589.000000 1369.000000 
		}
	}
	outgoing={
		name="english_channel"
		path={
			1280 1281 1282 1283 1291 1378 1375 1102 1098 1085 
		}
		control={
			2698.000000 664.000000 2487.000000 781.000000 2447.000000 1068.000000 2433.000000 1258.000000 2599.000000 1456.000000 2775.000000 1515.000000 
		}
	}
	outgoing={
		name="sevilla"
		path={
			1280 1281 1282 1283 1284 1285 
		}
		control={
			2702.000000 692.000000 2568.000000 783.000000 2516.000000 940.000000 2548.000000 1064.000000 2617.000000 1127.000000 2641.000000 1223.000000 
		}
	}
	members={
		987 988 989 927 1972 1279 928 929 942 943 974 986 1973 991 1119 2702 2703 2704 950 963 965 1988 2019 941 1971 990 994 995 997 944 962 964 968 970 975 985 1974 1975 1976 1982 1986 2020 
	}
}
ragusa={
	location=2852
	color={
		124 153 102 
	}
	outgoing={
		name="pest"
		path={
			1631 2644 4358 2792 2748 
		}
		control={
			3114.000000 1424.000000 3103.500000 1432.000000 3101.000000 1466.000000 
		}
	}
	outgoing={
		name="venice"
		path={
			1122 1121 2622 2623 
		}
		control={
			3069.000000 1372.000000 3030.000000 1400.000000 2990.000000 1413.000000 2965.000000 1420.000000 
		}
	}
	outgoing={
		name="genua"
		path={
			1310 1311 1307 1304 1303 1298 1297 
		}
		control={
			3105.000000 1375.000000 3109.500000 1357.000000 3103.000000 1320.000000 3096.500000 1280.000000 3056.000000 1270.000000 3043.000000 1303.000000 3000.000000 1340.000000 2960.000000 1378.000000 2965.000000 1391.000000 
		}
	}
	members={
		90 91 92 93 94 95 96 97 100 1570 1627 1631 1651 2642 2644 2643 2793 2794 84 101 1628 89 1626 2852 98 99 116 1577 82 83 1573 4344 4346 4355 4356 4357 4358 4360 4362 4363 102 151 4511 4512 4513 4514 4515 4516 4517 105 1571 2792 4359 
	}
}
safi={
	location=281
	color={
		140 66 62 
	}
	outgoing={
		name="sevilla"
		path={
			282 1285 
		}
		control={
			2670.000000 1175.000000 2655.000000 1188.000000 2680.000000 1210.000000 2695.000000 1235.000000 
		}
	}
	members={
		281 282 283 284 285 940 2162 2166 2168 2169 2170 2171 2172 279 280 286 2161 2164 2165 273 274 275 2163 2167 4146 4145 4150 1558 271 272 
	}
}
pest={
	location=106
	color={
		172 95 81 
	}
	inland=yes
	outgoing={
		name="wien"
		path={
			2853 88 
		}
		control={
			3084.000000 1477.000000 3075.000000 1483.000000 
		}
	}
	outgoing={
		name="krakow"
		path={
			1131 2611 
		}
		control={
			3116.000000 1492.000000 3122.000000 1501.000000 3123.000000 1510.000000 
		}
	}
	members={
		88 106 1657 2748 2853 108 1736 1737 2747 107 115 1131 1576 2849 110 111 1735 2749 109 1734 2750 
	}
}
krakow={
	location=206
	color={
		139 121 160 
	}
	outgoing={
		name="wien"
		path={
			2611 2849 1576 
		}
		control={
			3110.000000 1518.000000 3098.000000 1506.000000 3083.000000 1495.000000 
		}
	}
	outgoing={
		name="saxony"
		path={
			207 208 2851 60 
		}
		control={
			3080.000000 1535.000000 3055.000000 1545.000000 3030.000000 1548.000000 
		}
	}
	outgoing={
		name="baltic_sea"
		path={
			202 1073 
		}
		control={
			3097.000000 1544.000000 3093.000000 1565.000000 3102.000000 1605.000000 3118.000000 1637.000000 
		}
	}
	members={
		202 203 204 205 206 207 208 1723 201 1721 1722 199 2132 2610 2611 2612 2851 4111 4113 4110 4112 4117 4124 4365 200 4109
	}
}
wien={
	location=87
	color={
		220 220 220 
	}
	inland=yes
	outgoing={
		name="venice"
		path={
			85 81 1573 1121 2623 
		}
		control={
			3026.000000 1470.000000 3028.000000 1456.000000 3015.000000 1440.000000 3010.000000 1415.000000 2990.000000 1414.000000 2965.000000 1420.000000 
		}
	}
	outgoing={
		name="rheinland"
		path={
			86 2607 2608 67 71 78 
		}
		control={
			3033.000000 1484.000000 3006.000000 1499.000000 2992.000000 1505.000000 2955.000000 1511.000000 2946.000000 1516.000000 
		}
	}
	outgoing={
		name="saxony"
		path={
			1574 2617 210 1575 
		}
		control={
			3031.000000 1503.000000 3030.000000 1518.000000 3030.000000 1534.000000 
		}
	}
	members={
		32 33 44 81 85 86 87 1564 1574 1656 2606 2607 2608 36 37 1660 38 1664 41 66 1572 209 2850 4364 4368 4369 4370 4371 4372 4373 4375 4376 4377 4378 4379 
	}
}
panama={
	location=704
	outgoing={
		name="carribean_trade"
		path={
			4316 1329 
		}
		control={
			1570.000000 1060.000000 1607.000000 1125.000000 
		}
	}
	members={
		708 2316 2319 2335 706 2334 2336 696 704 705 2337 2479 698 2468 694 695 697 701 2477 2474 2475 692 693 2476 2478 4185 4184 4187 4188 4183 4180 4181 4182 4179 4177 4176 4173 4174 699 
	}
}
carribean_trade={
	location=1328
	outgoing={
		name="chesapeake_bay"
		path={
			1336 1316 1315 
		}
		control={
			1655.000000 1205.000000 1619.000000 1236.000000 1604.000000 1280.000000 1587.000000 1350.000000 1620.000000 1420.000000 
		}
	}
	outgoing={
		name="bordeaux"
		path={
			1336 1338 1387 1395 1392 1379 1375 1103 1091 
		}
		control={
			1690.000000 1205.000000 1925.000000 1251.000000 2082.000000 1253.000000 2210.000000 1293.000000 2326.000000 1295.000000 2446.000000 1349.000000 2630.000000 1410.000000 
		}
	}
	outgoing={
		name="sevilla"
		path={
			1333 1335 1387 1395 1392 1379 1378 1105 
		}
		control={
			1635.000000 1140.000000 1684.000000 1121.000000 1844.000000 1109.000000 1899.000000 1143.000000 2019.000000 1171.000000 2253.000000 1245.000000 2391.000000 1282.000000 2456.000000 1325.000000 
		}
	}
	members={
		397 2330 398 2329 400 401 402 2332 2333 399 403 404 405 406 407 1672 408 409 410 411 412 2473 616 700 2469 703 2467 2470 2592 1328 4201 4200 4198 4197 4199 4195 4194 4191 4192 4189 4190 4193 413 1330 1333 1335 1336 1337 1338 2472 
	}
}
chesapeake_bay={
	location=1314
	color={
		193 26 14 
	}
	outgoing={
		name="st_lawrence"
		path={
			1313 1690 4318 4311 
		}
		control={
			1650.000000 1550.000000 1652.000000 1579.000000 1660.000000 1608.000000 1665.000000 1650.000000 1675.000000 1665.000000 1690.000000 1672.000000 1710.000000 1685.000000 1740.000000 1715.000000 1780.000000 1730.000000 
		}
	}
	outgoing={
		name="english_channel"
		path={
			1382 1384 1394 1380 1376 1375 1102 1098 1085 
		}
		control={
			1738.000000 1507.000000 1853.000000 1376.000000 2056.000000 1373.000000 2207.000000 1463.000000 2628.000000 1499.000000 2775.000000 1520.000000 
		}
	}
	members={
		1313 783 784 2230 2231 2232 785 2233 789 2234 2235 800 1776 2239 2237 2240 803 804 1786 2244 2318 779 780 781 782 1314 2242 2243 2227 2228 2229 787 788 2226 2236 4452 4458 4459 4460 4461 4462 
	}
}
james_bay={
	location=1299
	color={
		97 220 117 
	}
	outgoing={
		name="st_lawrence"
		path={
			841 843 2266 833 4318 4311 
		}
		control={
			1555.000000 1776.000000 1597.660034 1711.949829 1597.660034 1670.000000 1620.000000 1646.000000 1645.000000 1648.000000 1675.000000 1665.000000 1690.000000 1672.000000 1710.000000 1685.000000 1740.000000 1715.000000 1780.000000 1730.000000 
		}
	}
	members={
		1299 839 840 841 844 845 846 848 849 850 851 1608 1609 1610 1614 1616 1770 1771 1779 1780 1781 2273 2274 2275 2276 2277 2278 2279 2280 2281 2282 2283 2284 2285 2286 2287 2211 1615 2272 843 1772 2201 2202 2203 2210 4477 4491 4492 4493 4494 
	}
}
st_lawrence={
	location=1303
	color={
		193 192 14 
	}
	outgoing={
		name="north_sea"
		path={
			1306 1309 1310 1311 1291 1096 1112 1095 
		}
		control={
			1873.000000 1718.000000 1906.000000 1756.000000 1952.000000 1779.000000 2050.000000 1772.000000 2577.000000 1737.000000 2696.919922 1734.630005 2763.000000 1737.000000 2781.000000 1703.000000 
		}
	}
	outgoing={
		name="bordeaux"
		path={
			1304 1307 1308 1377 1376 1292 1375 1102 1090 
		}
		control={
			1870.000000 1686.000000 1923.000000 1630.000000 2041.000000 1632.000000 2178.000000 1627.000000 2364.000000 1615.000000 2525.000000 1581.000000 
		}
	}
	members={
		837 2261 2262 2263 827 835 836 2267 2268 831 834 1777 815 2250 2251 2252 2255 2256 2257 824 825 2258 838 2259 2260 833 2264 2265 2266 826 2253 2254 934 935 1303 810 811 812 813 814 2246 2247 2248 2249 1304 4311 4318 2245 4453 4455 4466 4467 4468 4469 4470 4471 4472 4486 
	}
}
white_sea={
	location=1464
	color={
		210 46 28 
	}
	outgoing={
		name="north_sea"
		path={
			1076 1077 1078 1715 1079 
		}
		control={
			3453.000000 1897.000000 3447.000000 1948.000000 3339.000000 1992.000000 3187.000000 2034.000000 3076.000000 1993.000000 2987.000000 1944.000000 2942.000000 1864.000000 2862.000000 1790.000000 2868.000000 1711.000000 2847.000000 1660.000000 
		}
	}
	outgoing={
		name="baltic_sea"
		path={
			4288 4289 1071 
		}
		control={
			3372.500000 1863.000000 3342.000000 1835.000000 3351.000000 1815.000000 3351.000000 1800.000000 3362.000000 1780.000000 3350.000000 1761.000000 3322.000000 1755.000000 3250.000000 1753.000000 
		}
	}
	outgoing={
		name="novgorod"
		path={
			2873 251 1560 248 2766 2866 
		}
		control={
			3420.500000 1863.000000 3460.000000 1820.000000 3473.000000 1780.000000 3450.000000 1740.000000 
		}
	}
	members={
		1464 252 1580 2133 2770 908 1562 1744 1745 2751 2744 2869 1579 1741 251 2873 2874 21 2746 2870 
	}
}
baltic_sea={
	location=1714
	color={
		8 82 165 
	}
	outgoing={
		name="north_sea"
		path={
			1072 1070 1074 1081 1082 
		}
		control={
			3070.000000 1650.000000 3020.000000 1620.000000 2950.000000 1660.000000 2880.000000 1650.000000 
		}
	}
	outgoing={
		name="saxony"
		path={
			1073 1070 4273 
		}
		control={
			3080.000000 1630.000000 3040.000000 1600.000000 3028.000000 1565.000000 
		}
	}
	members={
		1713 1 2 3 4 1759 6 7 9 11 12 19 20 215 217 1719 23 24 640 2609 2640 2736 2737 2745 2771 2785 214 1640 2854 5 18 25 1757 1758 2614 2639 2768 2782 2783 2784 4118 1069 1070 1071 1072 1073 1714 4274 22 218 219 2767 216 643 4119 4532 4533 4534 4535
	}
}
saxony={
	location=29
	color={
		36 182 69 
	}
	outgoing={
		name="rheinland"
		path={
			62 63 79 81 
		}
		control={
			3020.000000 1539.000000 2990.000000 1542.000000 2956.500000 1530.000000 
		}
	}
	members={
		26 30 31 28 29 211 1575 27 2615 2616 2618 210 2617 2619 2638 4366 4367 4374 4389 4390 4391 4392 4395 4518 4519 
	}
}
north_sea={
	location=1754
	color={
		117 165 188 
	}
	outgoing={
		name="english_channel"
		path={
			1083 
		}
		control={
			2851.000000 1611.000000 2835.000000 1550.000000 
		}
	}
	outgoing={
		name="rheinland"
		path={
			1082 83 
		}
		control={
			2880.000000 1600.000000 2900.000000 1550.000000 
		}
	}
	members={
		1754 1079 1093 1094 1095 1715 2772 2765 193 194 196 191 192 2970 198 2972 2973 195 197 2734 2971 305 2742 304 2984 303 2743 2985 2741 2982 2983 8 13 14 1755 301 302 16 17 2419 2764 4303 10 15 2762 2763 
	}
}
bordeaux={
	location=1089
	color={
		36 132 247 
	}
	outgoing={
		name="champagne"
		path={
			1088 2988 133 134 
		}
		control={
			2780.000000 1465.000000 2814.000000 1464.000000 2830.000000 1470.000000 
		}
	}
	members={
		1089 139 144 148 143 2735 129 2986 158 159 125 126 2634 127 128 133 2988 1738 147 174 4339 4343 
	}
}
sevilla={
	location=1106
	color={
		57 160 101 
	}
	outgoing={
		name="gulf_of_lion"
		path={
			1107 1108 
		}
		control={
			2744.000000 1250.500000 2780.000000 1259.500000 2809.000000 1285.000000 2835.000000 1330.000000 
		}
	}
	members={
		155 156 157 1554 164 165 179 180 1106 166 167 168 170 171 172 173 175 176 177 178 299 1553 1555 1556 1649 2421 2422 2418 2769 4129 4130 4131 4134 4135 4136 4137 4138 4139 4141 300 298 4142 4143 4147 
	}
}
english_channel={
	location=1084
	color={
		220 138 57 
	}
	outgoing={
		name="champagne"
		path={
			54 131 
		}
		control={
			2850.000000 1510.000000 
		}
	}
	members={
		1083 1084 120 121 1670 53 54 1552 187 188 2974 2976 190 2975 185 186 189 2978 1655 2981 181 182 2752 2979 2980 183 184 2977 122 123 124 
	}
}
champagne={
	location=135
	color={
		193 26 14 
	}
	inland=yes
	outgoing={
		name="gulf_of_lion"
		path={
			136 142 1668 2990 
		}
		control={
			2891.000000 1487.000000 2893.000000 1450.000000 2878.000000 1435.000000 2882.000000 1409.500000 2877.000000 1385.500000 
		}
	}
	outgoing={
		name="rheinland"
		path={
			130 57 48 
		}
		control={
			2880.000000 1525.000000 
		}
	}
	members={
		131 132 134 2987 130 135 2989 136 137 138 118 1659 1663 140 141 142 1668 2991 4341 4342 4381 4382 
	}
}
gulf_of_lion={
	location=1109
	color={
		213 132 76 
	}
	outgoing={
		name="genua"
		path={
			213 1296 1297 
		}
		control={
			2893.000000 1360.000000 2940.000000 1385.000000 2965.000000 1391.500000 
		}
	}
	members={
		145 149 2420 2990 150 2636 146 161 162 2632 169 270 1557 2633 160 163 2635 4140 1109 152 153 154 4132 4133 4337 4338 4340 
	}
}
rheinland={
	location=1669
	color={
		114 171 184 
	}
	members={
		40 42 43 45 46 47 48 49 50 51 52 1565 1566 1661 1662 1667 1669 1671 119 1665 2620 1567 34 35 55 56 57 1658 4380 4383 4384 39 4385 4386 4387 4388 4393 4394 4396 4397 
	}
	end=yes
}
genua={
	location=70
	color={
		84 96 136 
	}
	members={
		58 59 2637 80 1066 2631 70 71 2623 2625 72 2621 4350 75 2628 4307 77 1718 2629 78 79 2627 4352 
	}
	end=yes
}
venice={
	location=61
	color={
		166 108 146 
	}
	members={
		60 1666 2626 4349 61 64 2624 4353 4354 65 67 1578 62 63 68 73 74 2622 76 1717 2630 4351 
	}
	end=yes
}
